Processing alexnet
==========================================================================================
n_gen  |  n_eval  | n_nds  |     cv_min    |     cv_avg    |      eps      |   indicator  
==========================================================================================
     1 |      100 |     20 |  0.000000E+00 |  0.0324299584 |             - |             -
     2 |      180 |     31 |  0.000000E+00 |  0.000000E+00 |  0.1232556362 |         ideal
     3 |      260 |     38 |  0.000000E+00 |  0.000000E+00 |  0.0070514424 |         nadir
     4 |      340 |     47 |  0.000000E+00 |  0.000000E+00 |  0.0051281525 |             f
     5 |      420 |     42 |  0.000000E+00 |  0.000000E+00 |  0.0086654889 |             f
     6 |      500 |     56 |  0.000000E+00 |  0.000000E+00 |  0.0052273427 |             f
     7 |      580 |     69 |  0.000000E+00 |  0.000000E+00 |  0.0041458294 |             f
     8 |      660 |     76 |  0.000000E+00 |  0.000000E+00 |  0.0011978190 |             f
     9 |      740 |     78 |  0.000000E+00 |  0.000000E+00 |  0.0030904235 |             f
    10 |      820 |     73 |  0.000000E+00 |  0.000000E+00 |  0.0822910677 |         nadir
    11 |      900 |     87 |  0.000000E+00 |  0.000000E+00 |  0.0031005856 |             f
    12 |      980 |    100 |  0.000000E+00 |  0.000000E+00 |  0.0012059431 |             f
    13 |     1060 |    100 |  0.000000E+00 |  0.000000E+00 |  0.0028227128 |             f
    14 |     1140 |    100 |  0.000000E+00 |  0.000000E+00 |  0.0004494644 |             f
    15 |     1220 |    100 |  0.000000E+00 |  0.000000E+00 |  0.0012446604 |             f
    16 |     1300 |    100 |  0.000000E+00 |  0.000000E+00 |  0.0023967168 |             f
    17 |     1380 |    100 |  0.000000E+00 |  0.000000E+00 |  0.0028827715 |             f
    18 |     1460 |    100 |  0.000000E+00 |  0.000000E+00 |  0.0006726534 |             f
    19 |     1540 |    100 |  0.000000E+00 |  0.000000E+00 |  0.0161681453 |         nadir
    20 |     1620 |    100 |  0.000000E+00 |  0.000000E+00 |  0.0005831571 |             f
    21 |     1700 |    100 |  0.000000E+00 |  0.000000E+00 |  0.0019558164 |             f
    22 |     1780 |    100 |  0.000000E+00 |  0.000000E+00 |  0.0025549730 |             f
    23 |     1860 |    100 |  0.000000E+00 |  0.000000E+00 |  0.0123027707 |         nadir
    24 |     1940 |    100 |  0.000000E+00 |  0.000000E+00 |  0.0064397876 |         ideal
    25 |     2020 |    100 |  0.000000E+00 |  0.000000E+00 |  0.0005766728 |             f
    26 |     2100 |    100 |  0.000000E+00 |  0.000000E+00 |  0.0008980356 |             f
    27 |     2180 |    100 |  0.000000E+00 |  0.000000E+00 |  0.0011989103 |             f
    28 |     2260 |    100 |  0.000000E+00 |  0.000000E+00 |  0.0086063168 |         nadir
    29 |     2340 |    100 |  0.000000E+00 |  0.000000E+00 |  0.0031867304 |         nadir
    30 |     2420 |    100 |  0.000000E+00 |  0.000000E+00 |  0.0002721075 |             f
    31 |     2500 |    100 |  0.000000E+00 |  0.000000E+00 |  0.0264833910 |         nadir
    32 |     2580 |    100 |  0.000000E+00 |  0.000000E+00 |  0.0034503338 |         nadir
    33 |     2660 |    100 |  0.000000E+00 |  0.000000E+00 |  0.0009832958 |             f
    34 |     2740 |    100 |  0.000000E+00 |  0.000000E+00 |  0.0012488095 |             f
    35 |     2820 |    100 |  0.000000E+00 |  0.000000E+00 |  0.0101156946 |         ideal
    36 |     2900 |    100 |  0.000000E+00 |  0.000000E+00 |  0.0006212787 |             f
    37 |     2980 |    100 |  0.000000E+00 |  0.000000E+00 |  0.0007292833 |             f
    38 |     3060 |    100 |  0.000000E+00 |  0.000000E+00 |  0.0009514044 |             f
    39 |     3140 |    100 |  0.000000E+00 |  0.000000E+00 |  0.0014272437 |             f
    40 |     3220 |    100 |  0.000000E+00 |  0.000000E+00 |  0.0015980500 |             f
    41 |     3300 |    100 |  0.000000E+00 |  0.000000E+00 |  0.0016293930 |             f
    42 |     3380 |    100 |  0.000000E+00 |  0.000000E+00 |  0.0020537001 |             f
    43 |     3460 |    100 |  0.000000E+00 |  0.000000E+00 |  0.0020459997 |             f
    44 |     3540 |    100 |  0.000000E+00 |  0.000000E+00 |  0.0022603675 |             f
    45 |     3620 |    100 |  0.000000E+00 |  0.000000E+00 |  0.0023065764 |             f
    46 |     3700 |    100 |  0.000000E+00 |  0.000000E+00 |  0.0025464154 |             f
    47 |     3780 |    100 |  0.000000E+00 |  0.000000E+00 |  0.0002690358 |             f
    48 |     3860 |    100 |  0.000000E+00 |  0.000000E+00 |  0.0008637035 |             f
    49 |     3940 |    100 |  0.000000E+00 |  0.000000E+00 |  0.0041214414 |         ideal
    50 |     4020 |    100 |  0.000000E+00 |  0.000000E+00 |  0.0005242512 |             f
    51 |     4100 |    100 |  0.000000E+00 |  0.000000E+00 |  0.0006808841 |             f
    52 |     4180 |    100 |  0.000000E+00 |  0.000000E+00 |  0.0006973191 |             f
    53 |     4260 |    100 |  0.000000E+00 |  0.000000E+00 |  0.0009831650 |             f
    54 |     4340 |    100 |  0.000000E+00 |  0.000000E+00 |  0.0013084976 |             f
    55 |     4420 |    100 |  0.000000E+00 |  0.000000E+00 |  0.0333538226 |         nadir
    56 |     4500 |    100 |  0.000000E+00 |  0.000000E+00 |  0.0003151806 |             f
    57 |     4580 |    100 |  0.000000E+00 |  0.000000E+00 |  0.0009577834 |             f
    58 |     4660 |    100 |  0.000000E+00 |  0.000000E+00 |  0.0012342570 |             f
    59 |     4740 |    100 |  0.000000E+00 |  0.000000E+00 |  0.0014439706 |             f
    60 |     4820 |    100 |  0.000000E+00 |  0.000000E+00 |  0.0016349774 |             f
    61 |     4900 |    100 |  0.000000E+00 |  0.000000E+00 |  0.0019916953 |             f
    62 |     4980 |    100 |  0.000000E+00 |  0.000000E+00 |  0.0023102586 |             f
    63 |     5060 |    100 |  0.000000E+00 |  0.000000E+00 |  0.0030811487 |             f
    64 |     5140 |    100 |  0.000000E+00 |  0.000000E+00 |  0.0042935480 |         nadir
    65 |     5220 |    100 |  0.000000E+00 |  0.000000E+00 |  0.0002590775 |             f
    66 |     5300 |    100 |  0.000000E+00 |  0.000000E+00 |  0.0007828038 |             f
    67 |     5380 |    100 |  0.000000E+00 |  0.000000E+00 |  0.0011100381 |             f
    68 |     5460 |    100 |  0.000000E+00 |  0.000000E+00 |  0.0015540079 |             f
    69 |     5540 |    100 |  0.000000E+00 |  0.000000E+00 |  0.0016274446 |             f
    70 |     5620 |    100 |  0.000000E+00 |  0.000000E+00 |  0.0017967325 |             f
    71 |     5700 |    100 |  0.000000E+00 |  0.000000E+00 |  0.0020676339 |             f
    72 |     5780 |    100 |  0.000000E+00 |  0.000000E+00 |  0.0021447198 |             f
    73 |     5860 |    100 |  0.000000E+00 |  0.000000E+00 |  0.0022972919 |             f
    74 |     5940 |    100 |  0.000000E+00 |  0.000000E+00 |  0.0023919781 |             f
    75 |     6020 |     73 |  0.000000E+00 |  0.000000E+00 |  0.0056498297 |             f
    76 |     6100 |     91 |  0.000000E+00 |  0.000000E+00 |  0.0006464456 |             f
    77 |     6180 |    100 |  0.000000E+00 |  0.000000E+00 |  0.0011557368 |             f
    78 |     6260 |     98 |  0.000000E+00 |  0.000000E+00 |  0.2321171555 |         ideal
    79 |     6340 |    100 |  0.000000E+00 |  0.000000E+00 |  0.0003458360 |             f
    80 |     6420 |    100 |  0.000000E+00 |  0.000000E+00 |  0.0019285010 |             f
    81 |     6500 |    100 |  0.000000E+00 |  0.000000E+00 |  0.0020637697 |             f
    82 |     6580 |    100 |  0.000000E+00 |  0.000000E+00 |  0.0317233009 |         ideal
    83 |     6660 |    100 |  0.000000E+00 |  0.000000E+00 |  0.0007394830 |             f
    84 |     6740 |    100 |  0.000000E+00 |  0.000000E+00 |  0.0022646545 |             f
    85 |     6820 |    100 |  0.000000E+00 |  0.000000E+00 |  0.0030404719 |             f
    86 |     6900 |    100 |  0.000000E+00 |  0.000000E+00 |  0.0002079113 |             f
