Processing mobilenet
==========================================================================================
n_gen  |  n_eval  | n_nds  |     cv_min    |     cv_avg    |      eps      |   indicator  
==========================================================================================
     1 |      100 |     16 |  0.000000E+00 |  0.0116833129 |             - |             -
     2 |      180 |     28 |  0.000000E+00 |  0.000000E+00 |  0.0107631551 |             f
     3 |      260 |     35 |  0.000000E+00 |  0.000000E+00 |  0.0083726743 |             f
     4 |      340 |     45 |  0.000000E+00 |  0.000000E+00 |  0.1878970794 |         ideal
     5 |      420 |     61 |  0.000000E+00 |  0.000000E+00 |  0.0071052492 |             f
     6 |      500 |     78 |  0.000000E+00 |  0.000000E+00 |  0.1354571622 |         ideal
     7 |      580 |    100 |  0.000000E+00 |  0.000000E+00 |  0.0015486408 |             f
     8 |      660 |    100 |  0.000000E+00 |  0.000000E+00 |  0.0037025213 |             f
     9 |      740 |    100 |  0.000000E+00 |  0.000000E+00 |  0.0022951529 |             f
    10 |      820 |    100 |  0.000000E+00 |  0.000000E+00 |  0.0033336519 |         ideal
    11 |      900 |    100 |  0.000000E+00 |  0.000000E+00 |  0.0025445978 |             f
    12 |      980 |    100 |  0.000000E+00 |  0.000000E+00 |  0.0008249532 |             f
    13 |     1060 |    100 |  0.000000E+00 |  0.000000E+00 |  0.0013814936 |             f
    14 |     1140 |    100 |  0.000000E+00 |  0.000000E+00 |  0.0027755077 |             f
    15 |     1220 |    100 |  0.000000E+00 |  0.000000E+00 |  0.0004804169 |             f
    16 |     1300 |    100 |  0.000000E+00 |  0.000000E+00 |  0.0264454837 |         ideal
    17 |     1380 |    100 |  0.000000E+00 |  0.000000E+00 |  0.0004974900 |             f
    18 |     1460 |    100 |  0.000000E+00 |  0.000000E+00 |  0.0008999337 |             f
    19 |     1540 |    100 |  0.000000E+00 |  0.000000E+00 |  0.0023530034 |             f
    20 |     1620 |    100 |  0.000000E+00 |  0.000000E+00 |  0.0027393801 |             f
    21 |     1700 |    100 |  0.000000E+00 |  0.000000E+00 |  0.0067859361 |         ideal
    22 |     1780 |     95 |  0.000000E+00 |  0.000000E+00 |  0.0037672751 |             f
    23 |     1860 |     58 |  0.000000E+00 |  0.000000E+00 |  0.0053535508 |             f
    24 |     1940 |     69 |  0.000000E+00 |  0.000000E+00 |  0.0003619105 |             f
    25 |     2020 |     75 |  0.000000E+00 |  0.000000E+00 |  0.0035292429 |             f
    26 |     2100 |     91 |  0.000000E+00 |  0.000000E+00 |  0.0088197380 |         nadir
    27 |     2180 |    100 |  0.000000E+00 |  0.000000E+00 |  0.0008379272 |             f
    28 |     2260 |    100 |  0.000000E+00 |  0.000000E+00 |  0.0047258694 |         ideal
    29 |     2340 |    100 |  0.000000E+00 |  0.000000E+00 |  0.0002323987 |             f
    30 |     2420 |    100 |  0.000000E+00 |  0.000000E+00 |  0.0006897610 |             f
    31 |     2500 |     98 |  0.000000E+00 |  0.000000E+00 |  0.0028903008 |             f
    32 |     2580 |    100 |  0.000000E+00 |  0.000000E+00 |  0.0065382373 |         nadir
    33 |     2660 |    100 |  0.000000E+00 |  0.000000E+00 |  0.0015835111 |             f
    34 |     2740 |    100 |  0.000000E+00 |  0.000000E+00 |  0.0019743092 |             f
    35 |     2820 |    100 |  0.000000E+00 |  0.000000E+00 |  0.0035403504 |             f
    36 |     2900 |    100 |  0.000000E+00 |  0.000000E+00 |  0.0032927836 |         ideal
    37 |     2980 |    100 |  0.000000E+00 |  0.000000E+00 |  0.0009216446 |             f
    38 |     3060 |    100 |  0.000000E+00 |  0.000000E+00 |  0.0039113482 |         nadir
    39 |     3140 |    100 |  0.000000E+00 |  0.000000E+00 |  0.0004191578 |             f
    40 |     3220 |    100 |  0.000000E+00 |  0.000000E+00 |  0.0017547850 |             f
    41 |     3300 |    100 |  0.000000E+00 |  0.000000E+00 |  0.0034857253 |             f
    42 |     3380 |    100 |  0.000000E+00 |  0.000000E+00 |  0.0004785506 |             f
    43 |     3460 |    100 |  0.000000E+00 |  0.000000E+00 |  0.0008755445 |             f
    44 |     3540 |    100 |  0.000000E+00 |  0.000000E+00 |  0.0011868000 |             f
    45 |     3620 |    100 |  0.000000E+00 |  0.000000E+00 |  0.0013614225 |             f
    46 |     3700 |    100 |  0.000000E+00 |  0.000000E+00 |  0.0019036252 |             f
    47 |     3780 |    100 |  0.000000E+00 |  0.000000E+00 |  0.0022110386 |             f
    48 |     3860 |    100 |  0.000000E+00 |  0.000000E+00 |  0.0025740438 |             f
    49 |     3940 |    100 |  0.000000E+00 |  0.000000E+00 |  0.0004463808 |             f
    50 |     4020 |    100 |  0.000000E+00 |  0.000000E+00 |  0.0007208163 |             f
    51 |     4100 |    100 |  0.000000E+00 |  0.000000E+00 |  0.0010828674 |             f
    52 |     4180 |    100 |  0.000000E+00 |  0.000000E+00 |  0.0013950934 |             f
    53 |     4260 |    100 |  0.000000E+00 |  0.000000E+00 |  0.0013594207 |             f
    54 |     4340 |    100 |  0.000000E+00 |  0.000000E+00 |  0.0057175638 |         ideal
    55 |     4420 |    100 |  0.000000E+00 |  0.000000E+00 |  0.0007115547 |             f
    56 |     4500 |    100 |  0.000000E+00 |  0.000000E+00 |  0.0009504017 |             f
    57 |     4580 |    100 |  0.000000E+00 |  0.000000E+00 |  0.0013080456 |             f
    58 |     4660 |    100 |  0.000000E+00 |  0.000000E+00 |  0.0014120847 |             f
    59 |     4740 |    100 |  0.000000E+00 |  0.000000E+00 |  0.0014347234 |             f
    60 |     4820 |    100 |  0.000000E+00 |  0.000000E+00 |  0.0016178806 |             f
    61 |     4900 |    100 |  0.000000E+00 |  0.000000E+00 |  0.0017968763 |             f
    62 |     4980 |    100 |  0.000000E+00 |  0.000000E+00 |  0.0018592855 |             f
    63 |     5060 |    100 |  0.000000E+00 |  0.000000E+00 |  0.0020868366 |             f
    64 |     5140 |    100 |  0.000000E+00 |  0.000000E+00 |  0.0018757020 |             f
    65 |     5220 |    100 |  0.000000E+00 |  0.000000E+00 |  0.0019066583 |             f
    66 |     5300 |    100 |  0.000000E+00 |  0.000000E+00 |  0.0080759999 |         nadir
    67 |     5380 |    100 |  0.000000E+00 |  0.000000E+00 |  0.0001489407 |             f
    68 |     5460 |    100 |  0.000000E+00 |  0.000000E+00 |  0.0002718666 |             f
    69 |     5540 |    100 |  0.000000E+00 |  0.000000E+00 |  0.0005867585 |             f
    70 |     5620 |    100 |  0.000000E+00 |  0.000000E+00 |  0.0007118372 |             f
    71 |     5700 |    100 |  0.000000E+00 |  0.000000E+00 |  0.0010110614 |             f
    72 |     5780 |    100 |  0.000000E+00 |  0.000000E+00 |  0.0012084906 |             f
    73 |     5860 |    100 |  0.000000E+00 |  0.000000E+00 |  0.0013471789 |             f
    74 |     5940 |    100 |  0.000000E+00 |  0.000000E+00 |  0.0015532390 |             f
    75 |     6020 |    100 |  0.000000E+00 |  0.000000E+00 |  0.0015639490 |             f
    76 |     6100 |    100 |  0.000000E+00 |  0.000000E+00 |  0.0016614370 |             f
    77 |     6180 |    100 |  0.000000E+00 |  0.000000E+00 |  0.0017039199 |             f
    78 |     6260 |    100 |  0.000000E+00 |  0.000000E+00 |  0.0017558075 |             f
    79 |     6340 |    100 |  0.000000E+00 |  0.000000E+00 |  0.0067737605 |         ideal
    80 |     6420 |    100 |  0.000000E+00 |  0.000000E+00 |  0.0003980152 |             f
    81 |     6500 |    100 |  0.000000E+00 |  0.000000E+00 |  0.0005995595 |             f
    82 |     6580 |    100 |  0.000000E+00 |  0.000000E+00 |  0.0008039963 |             f
    83 |     6660 |    100 |  0.000000E+00 |  0.000000E+00 |  0.0010930059 |             f
    84 |     6740 |    100 |  0.000000E+00 |  0.000000E+00 |  0.0013630268 |             f
    85 |     6820 |    100 |  0.000000E+00 |  0.000000E+00 |  0.0015465068 |             f
    86 |     6900 |    100 |  0.000000E+00 |  0.000000E+00 |  0.0015189335 |             f
    87 |     6980 |    100 |  0.000000E+00 |  0.000000E+00 |  0.0014769701 |             f
    88 |     7060 |    100 |  0.000000E+00 |  0.000000E+00 |  0.0015202584 |             f
    89 |     7140 |    100 |  0.000000E+00 |  0.000000E+00 |  0.0016209879 |             f
    90 |     7220 |    100 |  0.000000E+00 |  0.000000E+00 |  0.0017145232 |             f
    91 |     7300 |    100 |  0.000000E+00 |  0.000000E+00 |  0.0017402740 |             f
    92 |     7380 |    100 |  0.000000E+00 |  0.000000E+00 |  0.0084009887 |         nadir
    93 |     7460 |    100 |  0.000000E+00 |  0.000000E+00 |  0.0004174988 |             f
    94 |     7540 |    100 |  0.000000E+00 |  0.000000E+00 |  0.0005026033 |             f
    95 |     7620 |    100 |  0.000000E+00 |  0.000000E+00 |  0.0006334299 |             f
    96 |     7700 |    100 |  0.000000E+00 |  0.000000E+00 |  0.0096087948 |         nadir
    97 |     7780 |    100 |  0.000000E+00 |  0.000000E+00 |  0.0003328058 |             f
    98 |     7860 |    100 |  0.000000E+00 |  0.000000E+00 |  0.0006944105 |             f
    99 |     7940 |    100 |  0.000000E+00 |  0.000000E+00 |  0.0008293070 |             f
   100 |     8020 |    100 |  0.000000E+00 |  0.000000E+00 |  0.0009178440 |             f
   101 |     8100 |    100 |  0.000000E+00 |  0.000000E+00 |  0.0008731165 |             f
   102 |     8180 |    100 |  0.000000E+00 |  0.000000E+00 |  0.0011333522 |             f
   103 |     8260 |    100 |  0.000000E+00 |  0.000000E+00 |  0.0014067997 |             f
   104 |     8340 |    100 |  0.000000E+00 |  0.000000E+00 |  0.0013905406 |             f
   105 |     8420 |    100 |  0.000000E+00 |  0.000000E+00 |  0.0014585140 |             f
   106 |     8500 |    100 |  0.000000E+00 |  0.000000E+00 |  0.0013838697 |             f
   107 |     8580 |    100 |  0.000000E+00 |  0.000000E+00 |  0.0014985022 |             f
   108 |     8660 |    100 |  0.000000E+00 |  0.000000E+00 |  0.0016542699 |             f
   109 |     8740 |    100 |  0.000000E+00 |  0.000000E+00 |  0.0039014493 |         nadir
   110 |     8820 |    100 |  0.000000E+00 |  0.000000E+00 |  0.0003507805 |             f
   111 |     8900 |    100 |  0.000000E+00 |  0.000000E+00 |  0.0005674782 |             f
   112 |     8980 |    100 |  0.000000E+00 |  0.000000E+00 |  0.0009796982 |             f
   113 |     9060 |    100 |  0.000000E+00 |  0.000000E+00 |  0.0011383692 |             f
   114 |     9140 |    100 |  0.000000E+00 |  0.000000E+00 |  0.0013105865 |             f
   115 |     9220 |    100 |  0.000000E+00 |  0.000000E+00 |  0.0013259057 |             f
   116 |     9300 |    100 |  0.000000E+00 |  0.000000E+00 |  0.0013616428 |             f
   117 |     9380 |    100 |  0.000000E+00 |  0.000000E+00 |  0.0013452879 |             f
   118 |     9460 |    100 |  0.000000E+00 |  0.000000E+00 |  0.0014560050 |             f
   119 |     9540 |    100 |  0.000000E+00 |  0.000000E+00 |  0.0015566034 |             f
   120 |     9620 |    100 |  0.000000E+00 |  0.000000E+00 |  0.0016102513 |             f
   121 |     9700 |    100 |  0.000000E+00 |  0.000000E+00 |  0.0015748857 |             f
   122 |     9780 |    100 |  0.000000E+00 |  0.000000E+00 |  0.0015982912 |             f
   123 |     9860 |    100 |  0.000000E+00 |  0.000000E+00 |  0.0016009452 |             f
   124 |     9940 |    100 |  0.000000E+00 |  0.000000E+00 |  0.0015338163 |             f
   125 |    10020 |    100 |  0.000000E+00 |  0.000000E+00 |  0.0016060185 |             f
   126 |    10100 |    100 |  0.000000E+00 |  0.000000E+00 |  0.0016190483 |             f
   127 |    10180 |    100 |  0.000000E+00 |  0.000000E+00 |  0.0016963431 |             f
   128 |    10260 |    100 |  0.000000E+00 |  0.000000E+00 |  0.0016677598 |             f
   129 |    10340 |    100 |  0.000000E+00 |  0.000000E+00 |  0.0019282337 |             f
   130 |    10420 |    100 |  0.000000E+00 |  0.000000E+00 |  0.0019222897 |             f
   131 |    10500 |    100 |  0.000000E+00 |  0.000000E+00 |  0.0019939574 |             f
   132 |    10580 |    100 |  0.000000E+00 |  0.000000E+00 |  0.0017725251 |             f
   133 |    10660 |    100 |  0.000000E+00 |  0.000000E+00 |  0.0019381522 |             f
   134 |    10740 |    100 |  0.000000E+00 |  0.000000E+00 |  0.0019332689 |             f
   135 |    10820 |    100 |  0.000000E+00 |  0.000000E+00 |  0.0020076767 |             f
   136 |    10900 |    100 |  0.000000E+00 |  0.000000E+00 |  0.0019609296 |             f
